(0x7fffdbb69ba0;0;60;0),0x7fffdbb69bd0,0,0x7fffdbb69c00
(0x7fffdbb69bd0;0;30;10),0x7fffdbb69c30,0x7fffdbb69c60,0x7fffdbb69c90
(0x7fffdbb69c30;0;10;15),0x56214c04df60,0,0x56214c04dfa0
(0x56214c04df60;0;8;20),0,0,0
(0x56214c04dfa0;8;10;15),0,0,0
(0x7fffdbb69c60;10;20;10),0,0,0
(0x7fffdbb69c90;20;30;20),0,0,0
(0x7fffdbb69c00;30;60;0),0x7fffdbb69cc0,0,0x7fffdbb69cf0
(0x7fffdbb69cc0;30;50;0),0,0,0
(0x7fffdbb69cf0;50;60;20),0x56214c04dfe0,0,0x56214c04e020
(0x56214c04dfe0;50;51;20),0,0,0
(0x56214c04e020;51;60;25),0,0,0
